package PaqueteCompiladores;
 public class Lexico {
    public static void main(String [] args){
       
        int a;
        a =0;
        int b;
        b =5;
       do
       {
            a = a+5;
       }while(a<100);
 }
}


0 152 151 
0 152 15 50 1 
0 152 15 50 
0 152 15 
0 152 
0 13 153 12 50 3 2 
0 13 153 12 50 3 
0 13 153 12 50 
0 13 153 12 
0 13 153 
0 13 13 154 12 7 50 10 9 8 6 28 5 4 2 
0 13 13 154 12 7 50 10 9 8 6 28 5 4 
0 13 13 154 12 7 50 10 9 8 6 28 5 
0 13 13 154 12 7 50 10 9 8 6 28 
0 13 13 154 12 7 50 10 9 8 6 
0 13 13 154 12 7 50 10 9 8 
0 13 13 154 12 7 50 10 9 
0 13 13 154 12 7 50 10 
0 13 13 154 12 7 50 
0 13 13 154 12 7 
0 13 13 154 12 
0 13 13 154 
0 13 13 154 15 155 
0 13 13 154 15 156 
0 13 13 154 15 159 50 8 
0 13 13 154 15 159 50 
0 13 13 154 15 159 
0 13 13 154 15 
0 13 13 154 
0 13 13 154 15 155 
0 13 13 154 15 157 
0 13 13 154 15 160 161 16 50 
0 13 13 154 15 160 161 16 
0 13 13 154 15 160 161 
0 13 13 154 15 160 162 
0 13 13 154 15 160 51 
0 13 13 154 15 160 
0 13 13 154 15 
0 13 13 154 
0 13 13 154 15 155 
0 13 13 154 15 156 
0 13 13 154 15 159 50 8 
0 13 13 154 15 159 50 
0 13 13 154 15 159 
0 13 13 154 15 
0 13 13 154 
0 13 13 154 15 155 
0 13 13 154 15 157 
0 13 13 154 15 160 161 16 50 
0 13 13 154 15 160 161 16 
0 13 13 154 15 160 161 
0 13 13 154 15 160 162 
0 13 13 154 15 160 51 
0 13 13 154 15 160 
0 13 13 154 15 
0 13 13 154 
0 13 13 154 15 155 
0 13 13 154 15 158 
0 13 13 154 15 7 163 6 27 13 165 12 14 
0 13 13 154 15 7 163 6 27 13 165 12 
0 13 13 154 15 7 163 6 27 13 165 
0 13 13 154 15 7 163 6 27 13 165 166 
0 13 13 154 15 7 163 6 27 13 165 15 167 168 16 50 
0 13 13 154 15 7 163 6 27 13 165 15 167 168 16 
0 13 13 154 15 7 163 6 27 13 165 15 167 168 
0 13 13 154 15 7 163 6 27 13 165 15 167 161 11 161 
0 13 13 154 15 7 163 6 27 13 165 15 167 161 11 162 
0 13 13 154 15 7 163 6 27 13 165 15 167 161 11 50 
0 13 13 154 15 7 163 6 27 13 165 15 167 161 11 
0 13 13 154 15 7 163 6 27 13 165 15 167 161 
0 13 13 154 15 7 163 6 27 13 165 15 167 162 
0 13 13 154 15 7 163 6 27 13 165 15 167 51 
0 13 13 154 15 7 163 6 27 13 165 15 167 
0 13 13 154 15 7 163 6 27 13 165 15 
0 13 13 154 15 7 163 6 27 13 165 
0 13 13 154 15 7 163 6 27 13 
0 13 13 154 15 7 163 6 27 
0 13 13 154 15 7 163 6 
0 13 13 154 15 7 163 
0 13 13 154 15 7 164 
0 13 13 154 15 7 169 161 17 161 
0 13 13 154 15 7 169 161 17 162 
0 13 13 154 15 7 169 161 17 50 
0 13 13 154 15 7 169 161 17 
0 13 13 154 15 7 169 161 
0 13 13 154 15 7 169 162 
0 13 13 154 15 7 169 51 
0 13 13 154 15 7 169 
0 13 13 154 15 7 
0 13 13 154 15 
0 13 13 154 
0 13 13 
0 13 
0 
